((("s" .
   [1])
  ("s42" .
   [1 0 0])
  ("d" .
   [1])
  ("onoff" .
   [3 0 0 0 0])
  ("setMode" .
   [1 0 0 0 0 0 0])
  ("hello_world" .
   [0 0 0 0 1 0 0 0 0 0 0])
  ("printf" .
   [0 0 0 1 0 0])
  ("string.h" .
   [0 0 0 0 1 0 0 0])
  ("math" .
   [1 0 0 0])
  ("vec" .
   [0 0 1])
  ("fopen" .
   [0 0 1 0 0])
  ("forn" .
   [0 0 1 0])
  ("f" .
   [2])
  ("for" .
   [0 0 2])
  ("fori" .
   [0 0 1 0])
  ("while" .
   [0 0 1 2 6])
  ("delete" .
   [0 0 1 0 0 0])
  ("tmp" .
   [2 0 0])
  ("inflate" .
   [2 0 0 0 0 0 0])
  ("index" .
   [3 0 0 0 0])
  ("startBytes" .
   [2 0 0 0 1 0 0 0 0 0])
  ("storage" .
   [3 0 0 5 3 0 0])
  ("elem" .
   [1 0 0 0])
  ("char" .
   [0 0 1 0])
  ("unsigned" .
   [0 0 0 1 1 0 0 0])
  ("size" .
   [4 0 0 1])
  ("increment" .
   [2 0 0 0 1 0 0 0 0])
  ("quantity" .
   [2 0 0 1 1 0 0 0])
  ("next" .
   [6 0 0 1])
  ("const" .
   [0 0 0 0 1])
  ("CStash" .
   [0 0 5 1 0 0])
  ("CLib" .
   [2 0 0 0])
  ("include" .
   [1 0 0 1 2 0 1])
  ("iostream" .
   [0 0 0 0 1 0 0 0])
  ("cassert" .
   [0 0 0 0 1 0 0])
  ("std" .
   [16 0 0])
  ("main" .
   [1 0 2 2])
  ("string" .
   [6 0 0 0 0 0])
  ("i" .
   [2])
  ("initialize" .
   [0 0 0 1 1 0 0 0 0 0])
  ("intStash" .
   [1 0 0 0 5 0 0 0])
  ("add" .
   [2 0 0])
  ("count" .
   [3 0 0 0 0])
  ("cout" .
   [13 0 2 1])
  ("fetch" .
   [1 0 0 1 0])
  ("e" .
   [1])
  ("endl" .
   [2 0 0 0])
  ("cleanup" .
   [2 0 0 0 0 0 0])
  ("stringStash" .
   [1 0 0 1 2 0 0 1 0 0 0])
  ("bufsize" .
   [0 0 0 1 0 0 0])
  ("in" .
   [3 0])
  ("assert" .
   [0 0 1 0 0 0])
  ("line" .
   [2 0 0 0])
  ("cp" .
   [3 0])
  ("float" .
   [0 0 1 0 0])
  ("inc" .
   [1 0 0])
  ("a" .
   [2])
  ("b" .
   [1])
  ("c" .
   [1])
  ("volup" .
   [1 0 0 0 0])
  ("struct" .
   [0 0 0 1 0 0])))
